37829.11753740767   
38300.3134757895    
35651.96627444634   
39045.54338371864   
38583.21852582763   
42377.23637327936   
39942.0579322629    
34815.9546082204    
38950.8763858784    
337785.02106810844  
338566.83490895573  
331206.9709982738   
332306.41872303246  
340185.30419962277  
341558.00505555456  
341505.511304533    
340617.9978460184   
342611.5596807529   
341721.60854373814  
341337.8901092191   
337178.3779712585   
333344.0175340082   
335988.45905849856  
335164.8264848407   
334143.5072887861   
337110.0235410296   
333727.30951535306  
337207.1127990468   
334610.2849615208   
333061.2627592061   
336534.62171897956  
333691.39225250296  
334801.18114715087  
336368.1054653046   
337910.37175479287  
330671.9564855697   
328723.7705664058   
329787.0747714435   
330936.1338663308   
330457.68453292025  
329341.34062489576  
333417.58773521264  
330057.8042957371   
330718.3605812058   
330040.8855804091   
331858.4821859073   
337225.0923330296   
333607.10998127656  
334635.31867198716  
331726.6085733323   
332708.46841357555  
333604.9699373661   
332707.6409078772   
332281.1184383873   
333512.6511396944   
332975.181563076    
332165.7333882523   
334008.7121992616   
333308.0751892675   
338986.41235901526  
332606.22924772685  
339536.6984971588   
340480.85944479133  
342621.85581104865  
333424.7233321769   
331979.8702969632   
332592.8330111334   
338451.0437189276   
338571.1366130863   
336232.5148997941   
335631.07911445404  
332163.12141592114  
329693.32520166057  
333499.4292217144   
330674.752218575    
330691.73233494826  
332924.3836782614   
329846.21895489027  
329103.1011998998   
337219.02910456655  
334595.90464540076  
331709.4931171564   