42.28229083
42.31362224
42.28019976
42.29405499
42.30568866
42.31618726
42.32545879
42.28340136
42.29853906
42.32382162
42.32639672
42.28978625
42.27757869
42.33707432
42.30059921
42.31088798
42.33612577
42.3077238
42.30210734
42.31004599
42.31481727
42.3210095
42.30992971
42.29900593
42.31939924
42.31039773
42.31007866
42.30827863
42.3172497
42.31664637
42.32098861
42.30608144
42.31655146
42.30654648
42.30978053
42.30828318
42.29967787
42.28973887
42.29695521
42.29279915
42.2986941
42.29558706
42.28383406
42.29944581
42.29524786
42.31470337
42.32497124
42.29721701
42.29944175
42.26718857
42.25955472
42.26718034
42.2625765
42.25371945
42.25401379
42.26945146
42.26887451
42.24314562
42.25679967
42.33008605
42.27811434
42.3067384
42.33078481
42.30968581
42.27698168
42.31061698
42.30211517
42.3081676
42.32447014
42.28136453
42.25944763
42.25973772
42.30683429
42.24643747
42.31406083
42.31368263
42.31105792
42.28614735
42.29126246
42.25186391
42.31124071
42.31894866
