-82.96684904
-82.96210726
-82.99318714
-82.95245985
-82.9584285
-82.91271622
-82.94255078
-83.00342724
-82.95374682
-82.96867775
-82.95926976
-83.04740372
-83.03367551
-82.93995576
-82.92218258
-82.92313264
-82.93467449
-82.90961691
-82.92024369
-82.92514077
-82.97575802
-83.02248263
-82.99004251
-82.99968985
-83.01272931
-82.9764491
-83.01748199
-82.97520482
-83.00699667
-83.0257739
-82.98376329
-83.01779007
-83.00465807
-82.98532986
-82.96671909
-83.05449447
-83.07784817
-83.06462435
-83.05092143
-83.05659001
-83.07032414
-83.02077622
-83.06114805
-83.05364411
-83.06172558
-83.04030608
-82.9755089
-83.01852933
-83.00612715
-83.04037149
-83.02822179
-83.01759636
-83.02832871
-83.03321519
-83.0182956
-83.02530519
-83.03510142
-83.01193665
-83.02086452
-82.95429188
-83.03005695
-82.94689294
-82.93617521
-82.90955131
-83.02009492
-83.03870122
-83.03099061
-82.96010901
-82.95915775
-82.9861832
-82.99278642
-83.03483914
-83.06632053
-83.01821425
-83.05464853
-83.05443019
-83.02725541
-83.0637897
-83.07297036
-82.97329853
-83.00698016
-83.04225123
