4682994.011422715
4686464.041217385	
4682812.411546964
4684272.955270094
4685576.091224543
4686656.024934848
4687741.341363553	
4683187.773907958	
4684773.308852884	
4687609.122855302
4687877.137360166
4683983.183346294
4682600.460143601
4689026.257374003
4684942.725415178
4686086.969588882	
4688911.001577635
4685710.489190869
4685106.575409906
4685997.223102204
4686622.817503008
4687401.048124787
4686107.579566995
4684913.263265057
4687203.147298242
4686133.391453013
4686177.468832412
4685895.698606606
4686953.27832686	
4686923.023879222
4687323.468448071
4685734.215551397
4686871.192741805
4685722.812461591
4686046.243705172
4686051.221646619
4685142.498923876
4684012.278088074
4684786.229203121
4684336.030672265
4685018.115706387
4684574.757004698
4683349.641653561
4685068.21095928	
4684618.200622583
4686735.940064967
4687749.849606025
4684751.345419357
4684974.167083853
4681459.965760698
4680588.317401295
4681414.2170832595
4680924.067706974
4679950.203778401
4679953.56416942	
4681681.523115623	
4681636.754719624
4678734.327792236
4680267.94322339	
4688277.354825565
4682652.806023453
4685670.802070075
4688320.752852796
4685928.230242047
4682507.460238193
4686279.004257141
4685319.725311559
4685854.550208949
4687662.99482841	
4682928.228390994
4680507.308222458
4680621.680300645
4685913.980163392
4679112.127404966
4686693.088347718	
4686650.656674609
4686305.387050333
4683611.79898282
4684198.214820883
4679627.720417803
4686285.999624016
4687211.1968153715